                                                          A                                                                                    B                                                                                                                       A                                                                                         B                                                                                                                       A                                                                                        B                                                                                                                 A                                                        B

                               A                          A'            B                B'              C                                  D                            E                                                              A                              A'             B              B'                     C                                    D                                E                                                                A                     A'               B                B'                    C                                D                          E                                                                A                      A'          B          B'            C                  D          E
                                                                                              7.00                                                                                                                                                                                                              7.00                                                                                                                                                                                                                 7.00                                                                                                                                                                                        7.00

                                         1.58                    0.77          0.73           0.82                          1.45                         1.65                                                                                     1.58                        0.77          0.73                0.82                         1.45                                1.65                                                                                     1.58                   0.77               0.73             0.82                      1.45                      1.65                                                                                          1.58               0.77       0.73        0.82                 1.45       1.65
                                                                                                                                                                         0.15                                                                                                                                               0.15                                                                  0.15                                                                                                                                                                                                       0.15                                                                                                                                                       0.15
                               0.15                                                                                                                                                                                                     0.15                                                                                                                                                                                                                       0.15                                                                                                                                                                                                       0.15
                                                                                              6.70                                                                                                                                                       1.80                                 1.80                                                     2.35                             0.60                                                                                                                                         6.70                                                                                                                                                                                        6.70

    9               0.15                                                                                                                                                   0.15                     9        9               0.15                                                                                                                                                                     0.15                     9        9               0.15                                                                                                                                                   0.15                       9        9               0.15                                                                                                   0.15                     9

                 1.40                                                                                                                                                                  1.40                               1.40                                                                                                                                                                                  1.40                                 1.40                                                                                                                                                                  1.40                                 1.40                                                                                                                  1.40
                                                                                                                                                                                                                                 1.40                                                                                                                                                                                                                       1.40                                                                                                                                                    1.40
                                                                                                                                                                                                                                                                                                                                                                                                                                                                                                                                                                                                                                                                       1.55                                                                                                    1.55
                        1.75                                                                                                                                                    1.75                                                                                                                                                                                                                     1.75
                                                                                   TERRAZA
    8'                                                                                   N.P.T.+0.00                                                                                                8'       8'                                                                                                                                                                                                                8'       8'           0.15                                                                                                                                                                    0.15
                                                                                                                                                                                                                                                                                                                                                                                                                                                                                                                                                                                                                                          8'       8'                                                                                                                                              8'
                 0.63                                                                                                                                                                  0.63                               0.63 0.25                                                                                                                                                                             0.63                                 0.63                                                                                                                                                                  0.63                                 0.63                                                                                                                  0.63
                                                                                                                   M-1                                                                                                                                                                        V-9
                                                                                                                                                                                                                                                                                                                                                V-10

    8                   0.25                                                                                                                                                    0.25                8        8                                                                                                                                                                                           0.25                  8        8                                                                                                                                                                                                 8        8                                                                                                                                               8




                                                        COMEDOR                                                                          SALA                                                                                                                                                                                                                                                                                                                                                                                   AZOTEA
                                                                                                                                                                                                                                 3.75
                                                                                                                                                                                                                                                DORMITORIO 04                                                                                                                                                                                                                                                                                                                                                       3.95                                               3.95                                                                                                    3.95
                                                                                                                                         N.P.T.+0.15                                                                                                                                                                                                                                                                                                                                                                                 N.P.T.+6.15
                                                              N.P.T.+0.15                                                                                                                                                                                       N.P.T.+3.15                                                                                                                                                                                 4.20
                 3.75 3.50                                                                                                                                                      3.50 3.75                                 3.75                                                                                                                                                                           3.50 3.75                                   3.75                                                                                                                                                                  3.75                                 3.75                                                                                                                  3.75




                                                                                                                                                                                                                                                                             CLOSET
                                                                                                                                                                                                                                                                                                                                                                                                                  0.15                                                                                                                                                                                                       0.15                               0.15                                                                                                                    0.15
    7                   0.25                                                                                                                                                    0.25                7        7                   0.50                                                                                                                                                                                          7        7            0.10
                                                                                                                                                                                                                                                                                                                                                                                                                                                                                          V-12
                                                                                                                                                                                                                                                                                                                                                                                                                                                                                                                                                                                                                                          7        7                                                                                                                                               7
                                                                                                                                                                                                                                                                                                                                                                                                                                                                                                                                                                                                V-13
                                                                                                                                                                                                                          0.15                                                                                                                ESCRITORIO
                                                                                                                                                                                                                                                                                P-4
                                                                                                                                                                                                                                                                                                                                                                                                                                                                                                                                                                                         BAÑO                       1.35
                                                                                                                                          P-3                                                                                                                                                                                                                                                                                                                                                                       LAVANDERIA/TENDAL                                                    N.P.T.+6.15
                                                                        COCINA                                                                                                                                                                      BAÑO                                                                                                                                                                                                                                                                                         N.P.T.+6.15
                 2.45 2.30                                                                                                                                                      2.30 2.45                                 2.45                      N.P.T.+3.15                                                                                                                                                 2.45                                 2.45 2.38      CTO. PLANCHADO                                                                                                                     P-4                 2.45                                 2.45 2.40                                                                                                             2.45
                                                                            N.P.T.+0.15                                                                                                                                                                                                                                                                                                                  2.55
                                                                                                                                                                                                                                 1.90                                                                                                                                                                                                                                                                                                                                                                                        0.15
                                                                                                                                                                                                                                                                                                                                                                                                                                                                               N.P.T.+6.15
                                                                                                                                                                                                                                                                                                                                                                                                                                                                                                                                                                                                                                                                                                                                   TECHO
                                                                                                                                                                                                                                                                                                                                                                                                                                                                                                                                                                                                                                                                                                                                        N.P.T.+9.15
                                                                                                                                                                                                                                                                                                                                                                                                                                                                                                                                                                                                                    0.90
                                                                                                                                                                                                                                                                                                                                                                                                                                                                                                        P-4                                                                                                                                                                                                                                                                    4.35
                                                  V-5                                                                                                                                                                                                                                                            P-2                                                                                                                                                                                                                                                              P-2

    6            0.15                                                                                                                                                                    0.15       6        6                   0.25                                                                                                                                                                                          6        6                   0.17                                                                                                                                                             0.15         6        6            0.15                                                                                                                               6
                                                                                                                                                                                                                                                                V-8                                                                                                                                                                                                                V-8

                                                                                               8     7         6    5      4     3   2     1                                                                                                                                                              9     26     25     24   23    22 21         20     19                                                                                                                                                                27    26 25       24   23   22 21      20     19
                                                                                                                                                                                                                                                                                                                                                                                                         0.90
                                                                                                                                                                                                                                                                                                                                                                           HALL
                 2.05 1.80
                                          JARDIN                        V-6                                                                                                     1.80 2.05                                 2.05 1.80                                                   V-6                                                                                                                       2.05                                 2.05 1.80                                                V-6                                                                                                   1.80 2.05                                   2.05 1.80                                                                                                             2.05
                                                                                                                                                                                                                                                                                                                                                                           N.P.T.+3.15
                                                N.P.T.+0.00
                                                                                                                                                                                                                                                                                                                10     11 12       13   14     15 16        17     18                                                                                                                                                                28     29   30    31 32     33   34     35     36
                                                                                                                                                                                                                                                                                                                                                                                                         0.90

         20.00                                                                                                                                                                              20.00                 20.00                                   V-8                                                                                                                                                          20.00                 20.00                                                                                                                                                                                20.00                 20.00                                                                                                                              20.00
                                                                                                                                                                                         0.15                                                                                                                                                                                                                                                                                                                                                                                                                                                                   0.15                                                                                                                    0.15
    5                   0.25
                                                   M-3
                                                                                                                                                                                                    5        5                   0.25                                                                                                                                                                                          5        5                   0.25                                                                                                                                                    0.25                  5        5                                                                                                                                               5
C                                                                                                        P-2
                                                                                                                                                                                                         C                                                                                                P-2
                                                                                                                                                                                                                                                                                                                                                                                                         1.10
                                                                                                                                                                                                                                                                                                                                                                                                                                    C                       0.60
                                                                                                                                                                                                                                                                                                                                                                                                                                                                                                                                                                                                                                               C                                                                                                                                                        C
                                                                                                                                                                                                                                                                                                                                                                                                                                                                                                                                                                                                                    0.85
                                                                                                                                                                                1.20

                                                                                                                                                                                                                                                    BAÑO                                                                                                                                                                                                                       PARRILLA
                                                                                                                                                                                                                                 1.70                                                                                                                                                                             0.15                                                                                                                                                                                                       0.15
                                                                                                                                                                                                                                                    N.P.T.+3.15                                                                                                                                                                                             0.90
                                                                                                                                                                                         0.15                                                                                                                           P-2


                 3.25                                                                                                                              RECIBO                              3.25                               3.25                                                 P-4                                                                                 N.P.T.+3.15                                  3.25                                 3.25                                                                                                                                                                  3.25                                 3.25                                                                                                                  3.25
                                            DORMITORIO 01                                                                                              N.P.T.+0.15                                                        0.15                                                                                                                                                          V-11             1.30                                                                                                                                                                                                       1.30
                                                                                                                                                                                                                                                                                                                                                                   BAÑO                                                                                     0.60
                                                              N.P.T.+0.15
                        4.00
                                                                                                                          BAÑO                                                  1.80                                                                                                                                                            P-4
                                                                                                                          N.P.T.+0.15                                                                                                                                                                                                                                                                             0.15                                                                                                                                                                                                       0.15
                                                                                                                                                                                                                                                                             CLOSET

                                                                                                                                                                   P-1                                                                                                                                                                                                                                                                                                                                                          TERRAZA
                                                                                                                                                                                         0.15                                                                                                                                            CLOSET                                                                                                                                                                                       N.P.T.+6.15
    4'                                                                                                                                    V-4
                                                                                                                                                                                                    4'       4'                                                                                                                                                                                                                4'       4'                                                                                                                                                                                                4'       4'                  6.55
                                                                                                                                                                                                                                                                                                                                                                                                                                                                                                                                                                                                                                                                                                                                                                               6.70
                                                                                                                                                                                                                                                                                                                                                                                                                                                                                                                                                                                                                                                                                                                                                                                                   4'
                                                                                                          V-3
                 0.90                                                                                                                                                                  0.90                               0.90                                                                                                                                                                                  0.90                                 0.90                                                                                                                                                                  0.90                                 0.90                                                                                                                  0.90
                                                                                                                                                                                0.95
                                                                                                     V-2                                                                                                                         4.00            DORMITORIO 02
                                                                                                                                                                                                                                                                                                                                                                                                                                                            3.75
    4            0.15                                                                                                                                                                               4        4                                                    N.P.T.+3.15                                                                                                                                                  4        4                                                                                                                                                                                                 4        4                                                                                                                                               4
                                                                                                                                                                                                                                                                                                                                                                                                         4.00                                                                                                                                                                                                       4.00

                                                                                                                                                                                                                                                                                                                                        DORMITORIO 03
                                      BAÑO
                 2.45                 N.P.T.+0.15                                                                                                                                      2.45                               2.45                                                                                                                                                                                  2.45                                 2.45                                                                                                                                                                  2.45                                 2.45                                                                                                                  2.45
                                                                                                                                                                                                                                                                                                                                                              N.P.T.+3.15
                                                        P-3   VESTIDOR                                                                                                                                                                                    M-2
                        3.30                                       N.P.T.+0.15                                                                                                                                            0.15                                                                                                                                                                                                                       0.15


                                                                                                                                                                                                                                                                                                                       REPISA
    3                                                                                                                                                                                               3        3                                             BALCÓN
                                                                                                                                                                                                                                                                                                                                                                                                                  0.15         3        3                                                                                                                                                                                    0.15         3        3            0.15                                                                                                                               3
                                                                                                               COCHERA                                                          5.10                                                                                                                                                                                     V-7
                                                                                                                                                                                                                                 1.60                            N.P.T.+3.15                                                                                                                                                                                1.60                                                                                                                                                                                                                              ESTRUCTURA TIPO SOL Y SOMBRA CON COBERTURA DE POLICARBONATO
                                                                                                                        N.P.T.+0.00
                 0.98                                                                                                                                                                  0.98                               0.98                                                                                                                                                                                  0.98                                 0.98                                                                                                                                                                  0.98                                 0.98                                                                                                                  0.98

                                         V-1
    2            0.15                                                                                                                                                                               2        2                                                                                                                                                                                                                 2        2                                                                                                                                                                                                 2        2                                                                                                                                               2
                                                                                                                                                                                                                                                                                                                                                                                                                                                                   0.15                  2.85                                                                         3.70

                                                                                                                                                   INGRESO                                                                                                                                                                                                                                               3.00                                                                                                               0.15                                                                             0.15                                                      3.00                                                                                                    3.00
                                                JARDIN                                                                                                 N.P.T.+0.10
                 2.15                             N.P.T.+0.00                                                                                                                          2.15                               2.15 1.75                                                                                                                                                                             2.15                                 2.15                                                                                                                                                                  2.15                                 2.15                                                                                                                  2.15
                        2.00                                                                                                                                                                                                                                                                                                                                                                                                                                2.00



                                                                                                                           P-B                                  P-A
                                                                                                                                                                                0.35                                             0.25
    1                                                                                                                                                                                               1        1                                                                                                                                                                                                                 1        1                                                                                                                                                                                                 1        1                                                                                                                                               1
                               0.15                2.20                           0.65                                   2.55                               1.00                                                                        0.15                          2.70                         0.30                         2.00                                      1.55                 0.30                                                                                                                                                                                                                                                                           0.15                                               6.70

                                         1.58                    0.77       0.150.73          0.82                          1.45                   0.15 1.65             0.15                                                                     1.58                        0.77          0.73                0.82                         1.45                                1.65                                                                                     1.58                   0.77               0.73             0.82                      1.45                      1.65                                                                                          1.58               0.77       0.73        0.82                 1.45       1.65   0.15

                                                                                              7.00                                                                                                                                                                                                              7.00                                                                                                                                                                                                                 7.00                                                                                                                                                                                        7.00

                               A                          A'            B                B'              C                                  D                            E                                                              A                              A'             B              B'                     C                                    D                                E                                                                A                     A'               B                B'                    C                                D                          E                                                                A                      A'          B          B'            C                  D          E
                                                          A                                                                                 B                                                                                                                         A                                                                                          B                                                                                                                       A                                                                                        B                                                                                                                 A                                                        B

                                PLANTA PRIMER PISO                                                                                                                                                                                          PLANTA SEGUNDO PISO                                                                                                                                                                                                    PLANTA AZOTEA                                                                                                                                                                                                  PLANTA TECHO
                                 Esc: 1/50                                                                                                                                                                                                  Esc: 1/50                                                                                                                                                                                                              Esc: 1/50                                                                                                                                                                                                      Esc: 1/50




PROYECTO:                                                                                                                                                                          UBICACIÓN             :                                                                                                                                                              DIBUJO                                   : JLAY                                                                                                    TITULO DE LÁMINA:                                                                                                                                                                                       N° LÁMINA:
                                                                                                                                                                                   URB. MIRAFLORES BOULEVARD PARK PLAZA Mz. AN - Lote 18 - II ETAPA - CASTILLA RESPONSABLE                                                                                                                                       : ARQ. RENZO IZQUIERDO
                                                                                                                                                                                                                                                                                                                                                                                                                                                                                                                                                                                                       ARQUITECTURA
                                      VIVIENDA UNIFAMILIAR                                                                                                                         PROPIETARIO :
                                                                                                                                                                                                    Sra. ROSSEMERY YANIRE FERNÁNDEZ ROJAS                                                   DNI: 80366589
                                                                                                                                                                                                                                                                                                                                                                        ESCALA
                                                                                                                                                                                                                                                                                                                                                                        FECHA
                                                                                                                                                                                                                                                                                                                                                                                                                 : 1 / 50
                                                                                                                                                                                                                                                                                                                                                                                                                 : JULIO 2026
                                                                                                                                                                                                                                                                                                                                                                                                                                                                                                                                PLANTAS DE DISTRIBUCIÓN 1er, 2do PISO, AZOTEA Y TECHO                                                                                                                                                                        A-01
